Count: 12624
Mean: 149.00267347908746
Median: 147.75
Mode: 123.75
Standard Deviation: 130.41441961308877
Variance: 17007.920843018794
Sample Variance: 17009.268218511388