Count: 307
Mean: 241.49511400651465
Median: 241.0
Mode: [11.0, 19.0, 46.0, 56.0, 64.0, 76.0, 96.0, 166.0, 170.0, 211.0, 215.0, 268.0, 277.0, 278.0, 290.0, 368.0, 375.0, 393.0, 466.0]
Standard Deviation: 145.46484786056652
Variance: 21160.021963097766
Sample Variance: 21229.17236166998