Mean: 45.9948
Median: 23.93
Mode: [-96.07, -83.37, -60.61, -58.03, -44.14, -31.46, 1.0, 3.0, 3.65, 5.0, 17.5, 20.52, 23.93, 37.03, 43.29, 44.53, 58.24, 67.0, 71.03, 73.23, 88.32, 92.27, 97.94, 98.07, 678.0]
Variance: 19733.778968960003
Standard Deviation: 140.4769695322333
Execution Time: 0.07959246635437012 seconds